Bin_Index,Flux_Ion,Flux_Atom,E_ion,E_atom,alpha_ion,alpha_atom,heat_total,heat_ion
0,8.340466666666667520e+17,4.529833333333333606e+19,2.334961141978003241e+01,5.173176508335557600e+01,6.000000000000000000e+01,4.500000000000000000e+01,7.034762882601478486e+04,1.555276194035393633e+00
1,8.286320000000000000e+18,1.992000000000000000e+19,3.502401477796062323e+01,5.295137033556520834e+01,6.000000000000000000e+01,4.500000000000000000e+01,7.016763807875370549e+04,1.545179274400236658e+01
2,4.074208333333333606e+19,2.796625000000000000e+19,3.502004351791627101e+01,5.332025664459289516e+01,6.000000000000000000e+01,4.500000000000000000e+01,7.028963181824535422e+04,7.597319770725002286e+01
3,5.148083333333332787e+19,3.105500000000000000e+19,3.501463119068615981e+01,5.096366549076045516e+01,6.000000000000000000e+01,4.500000000000000000e+01,7.033325440377005725e+04,9.599812304559746678e+01
4,4.547700000000000000e+19,2.519700000000000000e+19,3.501326964440912803e+01,4.955143568827052292e+01,6.000000000000000000e+01,4.500000000000000000e+01,7.027730446360640053e+04,8.480256357695525082e+01
5,2.077492857142857728e+19,1.726321428571428659e+19,3.001546904303151919e+01,5.191391622080484325e+01,6.000000000000000000e+01,4.500000000000000000e+01,7.017062851944004069e+04,3.873974098962717960e+01
6,1.661750000000000000e+19,2.030750000000000000e+19,2.918221310411788849e+01,5.225360484114932547e+01,6.000000000000000000e+01,4.500000000000000000e+01,7.018613397461548448e+04,3.098723750995126736e+01
7,6.925000000000001638e+19,4.324000000000000000e+19,3.501416786391222757e+01,5.078896382082892558e+01,6.000000000000000000e+01,4.500000000000000000e+01,7.045948105687467614e+04,1.291329139500000167e+02
8,4.721145454545453875e+19,3.334954545454545715e+19,3.183347126749914224e+01,5.179165727235191952e+01,6.000000000000000000e+01,4.500000000000000000e+01,7.034282318047009176e+04,8.803686205447679924e+01
9,3.384462500000000000e+18,1.220312500000000000e+19,2.626671620017206976e+01,5.289603933893760512e+01,6.000000000000000000e+01,4.500000000000000000e+01,7.009954146133556787e+04,6.311126422808691849e+00
10,2.415455000000000000e+19,1.449100000000000000e+19,2.801635323669552946e+01,5.371327286195999307e+01,6.000000000000000000e+01,4.500000000000000000e+01,7.015575125126904459e+04,4.504184009604292527e+01
11,3.920624583333333504e+18,5.360875000000001024e+18,2.626849173127734005e+01,5.641288904811340643e+01,6.000000000000000000e+01,4.500000000000000000e+01,7.004826733517731191e+04,7.310926742957948754e+00
12,4.324212500000000000e+16,1.368806250000000000e+18,2.188824402928536728e+01,5.673309286524613526e+01,6.000000000000000000e+01,4.500000000000000000e+01,7.001053814211417921e+04,8.063511345328730484e-02
13,2.496153750000000000e+18,2.327197916666666496e+18,3.210458506644710752e+01,5.777884022777701034e+01,6.000000000000000000e+01,4.500000000000000000e+01,7.002243416419177083e+04,4.654665810898481304e+00
14,4.016026874999999488e+18,3.471846875000000000e+18,2.626790493785475888e+01,5.688609856477067694e+01,6.000000000000000000e+01,4.500000000000000000e+01,7.003401329871913185e+04,7.488826756249278738e+00
15,7.073767500000000000e+18,5.762062500000000000e+18,2.626744003510556169e+01,5.604619389407350383e+01,6.000000000000000000e+01,4.500000000000000000e+01,7.005721213369452744e+04,1.319070339176616358e+01
16,1.791536875000000000e+18,5.961500000000000000e+18,2.626836807019701325e+01,5.391185859251714163e+01,6.000000000000000000e+01,4.500000000000000000e+01,7.004888584954070393e+04,3.340741907835767854e+00
17,5.516827973684210074e+19,3.581500000000000000e+19,3.317546741592767034e+01,5.209584727960574213e+01,6.000000000000000000e+01,4.500000000000000000e+01,7.037649631421607046e+04,1.028742342242189522e+02
18,3.351186666666666230e+20,2.078533333333333443e+20,2.801163983585938411e+01,4.904083651533125732e+01,6.000000000000000000e+01,4.500000000000000000e+01,7.221288081511895871e+04,6.249075804433994108e+02
19,7.081249999999999672e+20,4.240000000000000000e+20,3.501261634374090193e+01,4.858585992985776869e+01,6.000000000000000000e+01,4.500000000000000000e+01,7.455977211666778021e+04,1.320465627304603231e+03
20,9.245000000000000000e+20,5.740000000000001311e+20,3.501257436452136318e+01,4.902807491289196662e+01,6.000000000000000000e+01,4.500000000000000000e+01,7.610923526913610112e+04,1.723947710422743967e+03
21,1.275000000000000000e+21,8.575000000000000000e+20,3.501252941176470301e+01,4.899898542274051749e+01,6.000000000000000000e+01,4.500000000000000000e+01,7.892872918464080431e+04,2.377537404855595923e+03
22,1.966000000000000000e+21,1.639249999999999672e+21,3.501250000000000284e+01,4.934549794113160459e+01,6.000000000000000000e+01,4.500000000000000000e+01,8.618973256107491034e+04,3.666069441526354240e+03
23,5.730000000000000524e+21,3.930000000000000000e+21,3.501250000000000284e+01,4.916514098137511724e+01,6.000000000000000000e+01,4.500000000000000000e+01,1.107096368246787024e+05,1.068493280770397178e+04
24,7.380000000000000000e+21,5.287500000000000131e+21,3.501250000000000284e+01,4.927152718676123300e+01,6.000000000000000000e+01,4.500000000000000000e+01,1.241575786144638696e+05,1.376174591987003805e+04
25,1.316999999999999738e+22,9.082500000000000393e+21,3.501250000000000284e+01,4.923329674538728540e+01,6.000000000000000000e+01,4.500000000000000000e+01,1.639477165898970852e+05,2.455856284074368159e+04
26,2.459999999999999790e+22,1.517999999999999476e+22,3.501250000000000284e+01,4.932065607616098646e+01,6.000000000000000000e+01,4.500000000000000000e+01,2.318457706178050430e+05,4.587248639956679108e+04
27,4.666666666666666387e+22,2.484166666666666204e+22,3.501249999999999574e+01,4.919702447175175308e+01,6.000000000000000000e+01,4.500000000000000000e+01,3.468081751171299838e+05,8.702097690974730358e+04
28,1.606666666666666597e+23,1.210333333333333225e+23,3.501249999999999574e+01,4.926818179757261618e+01,6.000000000000000000e+01,4.500000000000000000e+01,1.294280183667797828e+06,2.996007919321300578e+05
29,3.974285714285712638e+22,1.730314285714285108e+22,3.501249999999999574e+01,4.923614279046433495e+01,6.000000000000000000e+01,4.500000000000000000e+01,2.763037331346110441e+05,7.410990543762766174e+04
30,2.125999999999999738e+21,5.946875000000000819e+20,3.501250000000000284e+01,4.949849786309393807e+01,6.000000000000000000e+01,4.500000000000000000e+01,7.850776452450672514e+04,3.964427076645488796e+03
31,4.463571428571428291e+20,2.671035714285714145e+20,3.501292076397508879e+01,4.975531558642082075e+01,6.000000000000000000e+01,4.500000000000000000e+01,7.287297546084511850e+04,8.323378847586898246e+02
32,1.628666666666666230e+20,1.369583333333332918e+21,2.334298350722781734e+01,4.928578621956194183e+01,6.000000000000000000e+01,4.500000000000000000e+01,8.076714702873179340e+04,3.037032094150180797e+02
33,0.000000000000000000e+00,1.499499999999999607e+21,0.000000000000000000e+00,4.926645684538406300e+01,6.000000000000000000e+01,4.500000000000000000e+01,8.145599075660397648e+04,0.000000000000000000e+00
34,5.490000000000000000e+19,4.625000000000000655e+20,3.501284153005464361e+01,4.920721081081080683e+01,6.000000000000000000e+01,4.500000000000000000e+01,7.363581559404663858e+04,1.023739635502527392e+02
35,6.243333333333333606e+19,3.238333333333333770e+20,3.501269154339193790e+01,4.934362989582407266e+01,6.000000000000000000e+01,4.500000000000000000e+01,7.259046743303422409e+04,1.164216355371119391e+02
36,2.888333333333333606e+19,2.254833333333333115e+20,2.334183960546081593e+01,4.908411553926753612e+01,6.000000000000000000e+01,4.500000000000000000e+01,7.177652397861625650e+04,5.385976892306860009e+01
37,1.680000000000000000e+19,2.265374999999999836e+20,1.750636160714285694e+01,4.903975454962401415e+01,6.000000000000000000e+01,4.500000000000000000e+01,7.176204546167360968e+04,3.132755168750903252e+01
38,5.045000000000000000e+19,2.777500000000000000e+20,3.501258718848908558e+01,4.859246166001877043e+01,6.000000000000000000e+01,4.500000000000000000e+01,7.221605083857025602e+04,9.407589182350182000e+01
39,5.290000000000000000e+19,4.507500000000000000e+20,3.501285444234405020e+01,4.940691625069329262e+01,6.000000000000000000e+01,4.500000000000000000e+01,7.354231760650854267e+04,9.864449311126355724e+01
40,0.000000000000000000e+00,8.145000000000000000e+20,0.000000000000000000e+00,4.935244014732965923e+01,6.000000000000000000e+01,4.500000000000000000e+01,7.622267720657149039e+04,0.000000000000000000e+00
41,2.075000000000000000e+20,1.203750000000000066e+21,2.334362486113791135e+01,4.913810401730543731e+01,6.000000000000000000e+01,4.500000000000000000e+01,7.958343063958032872e+04,3.869325580451264841e+02
42,4.830000000000000655e+20,1.527416666666666557e+21,3.501382193489813943e+01,4.953741106406116756e+01,6.000000000000000000e+01,4.500000000000000000e+01,8.256993767774889420e+04,9.006671110158846432e+02
43,6.175000000000000000e+20,6.792499999999999345e+20,3.501285425101214344e+01,4.933793522267207265e+01,6.000000000000000000e+01,4.500000000000000000e+01,7.634085827374531073e+04,1.151473998037906313e+03
44,6.990000000000000000e+19,3.213750000000000328e+20,3.501250000000000284e+01,4.943212130998794152e+01,6.000000000000000000e+01,4.500000000000000000e+01,7.258560943292544107e+04,1.303449918426715044e+02
45,7.807428571428569481e+21,2.200285714285714211e+21,3.501249999999999574e+01,4.948723310478823834e+01,6.000000000000000000e+01,4.500000000000000000e+01,1.013686922023849474e+05,1.455878703083114851e+04
46,7.800000000000002097e+22,3.699718750000000270e+22,3.501250000000000284e+01,4.932281260704829151e+01,6.000000000000000000e+01,4.500000000000000000e+01,4.981031904152384959e+05,1.454493471205776441e+05
47,1.128999999999999906e+23,8.495625000000000360e+22,3.501250000000000284e+01,4.924918894871108677e+01,6.000000000000000000e+01,4.500000000000000000e+01,9.295836344341471558e+05,2.105286062809386349e+05
48,5.993333333333332564e+22,5.137499999999999397e+22,3.501250000000000284e+01,4.927250878207425444e+01,6.000000000000000000e+01,4.500000000000000000e+01,5.742583137408121256e+05,1.117597974883754505e+05
49,2.689999999999999895e+22,2.486499999999999764e+22,3.501250000000000284e+01,4.922789923538050516e+01,6.000000000000000000e+01,4.500000000000000000e+01,3.101268393336859299e+05,5.016137740440433845e+04
50,1.344000000000000419e+22,1.238875000000000033e+22,3.501249999999999574e+01,4.928397990734264056e+01,6.000000000000000000e+01,4.500000000000000000e+01,1.897105278360875091e+05,2.506204135000723181e+04
51,6.937499999999998558e+21,6.151249999999999672e+21,3.501251344086021788e+01,4.897529924675820467e+01,6.000000000000000000e+01,4.500000000000000000e+01,1.299313742708456703e+05,1.293660058524368287e+04
52,4.545000000000000262e+21,3.402499999999999869e+21,3.501256875687568737e+01,4.876385011021307747e+01,6.000000000000000000e+01,4.500000000000000000e+01,1.044698921623628121e+05,8.475221572602889864e+03
53,2.236999999999999214e+21,2.068499999999999869e+21,3.501260058113545881e+01,4.873661832245588954e+01,6.000000000000000000e+01,4.500000000000000000e+01,8.997449163234837761e+04,4.171412686009385652e+03
54,1.194499999999999869e+21,1.297750000000000066e+21,3.501262034323984551e+01,4.923675207089191730e+01,6.000000000000000000e+01,4.500000000000000000e+01,8.214207243801424920e+04,2.227426219686281456e+03
55,9.325000000000001311e+20,8.942500000000000655e+20,3.501262734584448566e+01,4.886187587363711771e+01,6.000000000000000000e+01,4.500000000000000000e+01,7.857082273395468656e+04,1.738865592178700808e+03
56,6.385000000000000000e+20,6.530000000000000000e+20,3.501262725137039666e+01,4.883366003062786120e+01,6.000000000000000000e+01,4.500000000000000000e+01,7.617947102621840895e+04,1.190633437647292794e+03
57,7.182500000000001966e+20,5.390000000000000655e+20,3.501262584659775001e+01,4.883413274862022746e+01,6.000000000000000000e+01,4.500000000000000000e+01,7.545723804726696108e+04,1.339346071401985910e+03
58,7.020000000000000000e+20,4.406249999999999672e+20,3.501260718900653757e+01,4.807438907049640164e+01,6.000000000000000000e+01,4.500000000000000000e+01,7.467536351530136017e+04,1.309044124085198973e+03
59,4.430000000000000000e+20,2.652749999999999672e+20,3.501352092726649090e+01,4.901667308933636491e+01,6.000000000000000000e+01,4.500000000000000000e+01,7.285274522338190582e+04,8.260777022361011177e+02
60,2.095124999999999836e+20,1.262750000000000000e+20,3.501777338569696241e+01,5.147307250309281557e+01,6.000000000000000000e+01,4.500000000000000000e+01,7.135541040122232516e+04,3.906853376743592889e+02
61,6.059684666666667213e+19,6.010361111111110656e+19,3.502324593973830247e+01,5.323059067934328681e+01,6.000000000000000000e+01,4.500000000000000000e+01,7.057218107772243093e+04,1.129970741696463818e+02
