Bin_Index,Flux_Ion,Flux_Atom,E_ion,E_atom,alpha_ion,alpha_atom,heat_total,heat_ion
0,4.170233333333333504e+18,2.264916666666666885e+20,2.334961141978003241e+01,5.173176508335557600e+01,6.000000000000000000e+01,4.500000000000000000e+01,4.617381441300740e+05,7.776380970176968610e+00
1,4.143160000000000000e+19,9.960000000000000000e+19,3.502401477796062323e+01,5.295137033556520834e+01,6.000000000000000000e+01,4.500000000000000000e+01,4.608381903937685e+05,7.725896372001184886e+01
2,2.037104166666666967e+20,1.398312500000000082e+20,3.502004351791627101e+01,5.332025664459289516e+01,6.000000000000000000e+01,4.500000000000000000e+01,4.614481590912268e+05,3.798659885362500859e+02
3,2.574041666666666394e+20,1.552750000000000000e+20,3.501463119068615981e+01,5.096366549076045516e+01,6.000000000000000000e+01,4.500000000000000000e+01,4.616662720188503e+05,4.799906152279873481e+02
4,2.273850000000000000e+20,1.259850000000000000e+20,3.501326964440912803e+01,4.955143568827052292e+01,6.000000000000000000e+01,4.500000000000000000e+01,4.613865223180320e+05,4.240128178847762683e+02
5,1.038746428571428782e+20,8.631607142857143091e+19,3.001546904303151919e+01,5.191391622080484325e+01,6.000000000000000000e+01,4.500000000000000000e+01,4.608531425972002e+05,1.936987049481359122e+02
6,8.308750000000000000e+19,1.015375000000000000e+20,2.918221310411788849e+01,5.225360484114933257e+01,6.000000000000000000e+01,4.500000000000000000e+01,4.609306698730774e+05,1.549361875497563403e+02
7,3.462500000000000655e+20,2.162000000000000000e+20,3.501416786391222757e+01,5.078896382082892558e+01,6.000000000000000000e+01,4.500000000000000000e+01,4.622974052843734e+05,6.456645697500000551e+02
8,2.360572727272726856e+20,1.667477272727272817e+20,3.183347126749914580e+01,5.179165727235191952e+01,6.000000000000000000e+01,4.500000000000000000e+01,4.617141159023505e+05,4.401843102723840389e+02
9,1.692231250000000000e+19,6.101562499999999590e+19,2.626671620017206976e+01,5.289603933893760512e+01,6.000000000000000000e+01,4.500000000000000000e+01,4.604977073066778e+05,3.155563211404346191e+01
10,1.207727499999999918e+20,7.245500000000000819e+19,2.801635323669552946e+01,5.371327286195999307e+01,6.000000000000000000e+01,4.500000000000000000e+01,4.607787562563453e+05,2.252092004802146619e+02
11,1.960312291666666701e+19,2.680437500000000410e+19,2.626849173127734005e+01,5.641288904811341354e+01,6.000000000000000000e+01,4.500000000000000000e+01,4.602413366758865e+05,3.655463371478974466e+01
12,2.162106250000000000e+17,6.844031250000000000e+18,2.188824402928536728e+01,5.673309286524613526e+01,6.000000000000000000e+01,4.500000000000000000e+01,4.600526907105709e+05,4.031755672664364964e-01
13,1.248076874999999898e+19,1.163598958333333299e+19,3.210458506644710752e+01,5.777884022777701034e+01,6.000000000000000000e+01,4.500000000000000000e+01,4.601121708209589e+05,2.327332905449240741e+01
14,2.008013437499999846e+19,1.735923437500000051e+19,2.626790493785476244e+01,5.688609856477067694e+01,6.000000000000000000e+01,4.500000000000000000e+01,4.601700664935957e+05,3.744413378124639280e+01
15,3.536883750000000205e+19,2.881031249999999795e+19,2.626744003510556169e+01,5.604619389407350383e+01,6.000000000000000000e+01,4.500000000000000000e+01,4.602860606684726e+05,6.595351695883081788e+01
16,8.957684375000000512e+18,2.980750000000000000e+19,2.626836807019701325e+01,5.391185859251714874e+01,6.000000000000000000e+01,4.500000000000000000e+01,4.602444292477035e+05,1.670370953917884194e+01
17,2.758413986842104955e+20,1.790750000000000000e+20,3.317546741592767034e+01,5.209584727960574213e+01,6.000000000000000000e+01,4.500000000000000000e+01,4.618824815710803e+05,5.143711711210947897e+02
18,1.675593333333333377e+21,1.039266666666666754e+21,2.801163983585938411e+01,4.904083651533125732e+01,6.000000000000000000e+01,4.500000000000000000e+01,4.710644040755948e+05,3.124537902216997281e+03
19,3.540625000000000098e+21,2.120000000000000000e+21,3.501261634374090193e+01,4.858585992985776869e+01,6.000000000000000000e+01,4.500000000000000000e+01,4.827988605833389e+05,6.602328136523015928e+03
20,4.622499999999999869e+21,2.870000000000000524e+21,3.501257436452136318e+01,4.902807491289197372e+01,6.000000000000000000e+01,4.500000000000000000e+01,4.905461763456805e+05,8.619738552113720289e+03
21,6.375000000000000262e+21,4.287500000000000131e+21,3.501252941176470301e+01,4.899898542274051749e+01,6.000000000000000000e+01,4.500000000000000000e+01,5.046436459232040e+05,1.188768702427798053e+04
22,9.830000000000000524e+21,8.196249999999999410e+21,3.501250000000000284e+01,4.934549794113161170e+01,6.000000000000000000e+01,4.500000000000000000e+01,5.409486628053746e+05,1.833034720763177393e+04
23,2.865000000000000157e+22,1.964999999999999948e+22,3.501250000000000284e+01,4.916514098137511724e+01,6.000000000000000000e+01,4.500000000000000000e+01,6.635481841233935e+05,5.342466403851986252e+04
24,3.689999999999999895e+22,2.643749999999999751e+22,3.501250000000000284e+01,4.927152718676123300e+01,6.000000000000000000e+01,4.500000000000000000e+01,7.307878930723194e+05,6.880872959935019026e+04
25,6.584999999999998899e+22,4.541250000000000406e+22,3.501250000000000284e+01,4.923329674538729250e+01,6.000000000000000000e+01,4.500000000000000000e+01,9.297385829494854e+05,1.227928142037184152e+05
26,1.229999999999999853e+23,7.589999999999999266e+22,3.501250000000000284e+01,4.932065607616098646e+01,6.000000000000000000e+01,4.500000000000000000e+01,1.269228853089025e+06,2.293624319978339481e+05
27,2.333333333333333361e+23,1.242083333333333186e+23,3.501249999999999574e+01,4.919702447175175308e+01,6.000000000000000000e+01,4.500000000000000000e+01,1.844040875585650e+06,4.351048845487365033e+05
28,8.033333333333332984e+23,6.051666666666665789e+23,3.501249999999999574e+01,4.926818179757261618e+01,6.000000000000000000e+01,4.500000000000000000e+01,6.581400918338989e+06,1.498003959660650231e+06
29,1.987142857142856487e+23,8.651571428571426796e+22,3.501249999999999574e+01,4.923614279046434206e+01,6.000000000000000000e+01,4.500000000000000000e+01,1.491518665673055e+06,3.705495271881382796e+05
30,1.062999999999999843e+22,2.973437500000000541e+21,3.501250000000000284e+01,4.949849786309393807e+01,6.000000000000000000e+01,4.500000000000000000e+01,5.025388226225336e+05,1.982213538322744353e+04
31,2.231785714285714080e+21,1.335517857142857007e+21,3.501292076397509589e+01,4.975531558642082786e+01,6.000000000000000000e+01,4.500000000000000000e+01,4.743648773042256e+05,4.161689423793450260e+03
32,8.143333333333332460e+20,6.847916666666666164e+21,2.334298350722781734e+01,4.928578621956194894e+01,6.000000000000000000e+01,4.500000000000000000e+01,5.138357351436590e+05,1.518516047075090455e+03
33,0.000000000000000000e+00,7.497499999999999607e+21,0.000000000000000000e+00,4.926645684538406300e+01,6.000000000000000000e+01,4.500000000000000000e+01,5.172799537830199e+05,0.000000000000000000e+00
34,2.745000000000000000e+20,2.312500000000000393e+21,3.501284153005464361e+01,4.920721081081080683e+01,6.000000000000000000e+01,4.500000000000000000e+01,4.781790779702332e+05,5.118698177512636676e+02
35,3.121666666666666885e+20,1.619166666666666885e+21,3.501269154339193790e+01,4.934362989582407266e+01,6.000000000000000000e+01,4.500000000000000000e+01,4.729523371651711e+05,5.821081776855596672e+02
36,1.444166666666666721e+20,1.127416666666666689e+21,2.334183960546081948e+01,4.908411553926754323e+01,6.000000000000000000e+01,4.500000000000000000e+01,4.688826198930813e+05,2.692988446153430004e+02
37,8.400000000000000000e+19,1.132687499999999951e+21,1.750636160714285694e+01,4.903975454962401415e+01,6.000000000000000000e+01,4.500000000000000000e+01,4.688102273083681e+05,1.566377584375451590e+02
38,2.522500000000000000e+20,1.388750000000000066e+21,3.501258718848909268e+01,4.859246166001877043e+01,6.000000000000000000e+01,4.500000000000000000e+01,4.710802541928513e+05,4.703794591175091000e+02
39,2.645000000000000000e+20,2.253749999999999803e+21,3.501285444234405020e+01,4.940691625069329973e+01,6.000000000000000000e+01,4.500000000000000000e+01,4.777115880325427e+05,4.932224655563177862e+02
40,0.000000000000000000e+00,4.072499999999999869e+21,0.000000000000000000e+00,4.935244014732965923e+01,6.000000000000000000e+01,4.500000000000000000e+01,4.911133860328574e+05,0.000000000000000000e+00
41,1.037500000000000131e+21,6.018749999999999803e+21,2.334362486113791135e+01,4.913810401730544442e+01,6.000000000000000000e+01,4.500000000000000000e+01,5.079171531979016e+05,1.934662790225632307e+03
42,2.415000000000000262e+21,7.637083333333333574e+21,3.501382193489813943e+01,4.953741106406116756e+01,6.000000000000000000e+01,4.500000000000000000e+01,5.228496883887445e+05,4.503335555079423102e+03
43,3.087500000000000131e+21,3.396249999999999934e+21,3.501285425101214344e+01,4.933793522267206555e+01,6.000000000000000000e+01,4.500000000000000000e+01,4.917042913687266e+05,5.757369990189531563e+03
44,3.495000000000000000e+20,1.606875000000000033e+21,3.501250000000000284e+01,4.943212130998794862e+01,6.000000000000000000e+01,4.500000000000000000e+01,4.729280471646272e+05,6.517249592133575788e+02
45,3.903714285714284950e+22,1.100142857142857105e+22,3.501249999999999574e+01,4.948723310478823834e+01,6.000000000000000000e+01,4.500000000000000000e+01,6.168434610119247e+05,7.279393515415575530e+04
46,3.900000000000000713e+23,1.849859375000000051e+23,3.501250000000000284e+01,4.932281260704829151e+01,6.000000000000000000e+01,4.500000000000000000e+01,2.600515952076192e+06,7.272467356028882787e+05
47,5.644999999999998689e+23,4.247812500000000180e+23,3.501250000000000284e+01,4.924918894871109387e+01,6.000000000000000000e+01,4.500000000000000000e+01,4.757918172170736e+06,1.052643031404693145e+06
48,2.996666666666666114e+23,2.568749999999999866e+23,3.501250000000000284e+01,4.927250878207426155e+01,6.000000000000000000e+01,4.500000000000000000e+01,2.981291568704061e+06,5.587989874418772524e+05
49,1.345000000000000157e+23,1.243250000000000092e+23,3.501250000000000284e+01,4.922789923538050516e+01,6.000000000000000000e+01,4.500000000000000000e+01,1.660634196668430e+06,2.508068870220216922e+05
50,6.720000000000001678e+22,6.194374999999999954e+22,3.501249999999999574e+01,4.928397990734264056e+01,6.000000000000000000e+01,4.500000000000000000e+01,1.058552639180438e+06,1.253102067500361591e+05
51,3.468749999999999489e+22,3.075624999999999312e+22,3.501251344086021788e+01,4.897529924675821178e+01,6.000000000000000000e+01,4.500000000000000000e+01,7.596568713542284e+05,6.468300292621841072e+04
52,2.272500000000000079e+22,1.701249999999999987e+22,3.501256875687568737e+01,4.876385011021307747e+01,6.000000000000000000e+01,4.500000000000000000e+01,6.323494608118141e+05,4.237610786301444750e+04
53,1.118499999999999764e+22,1.034249999999999934e+22,3.501260058113545881e+01,4.873661832245588954e+01,6.000000000000000000e+01,4.500000000000000000e+01,5.598724581617420e+05,2.085706343004692826e+04
54,5.972499999999999869e+21,6.488750000000000328e+21,3.501262034323985262e+01,4.923675207089192440e+01,6.000000000000000000e+01,4.500000000000000000e+01,5.207103621900713e+05,1.113713109843140955e+04
55,4.662500000000000918e+21,4.471250000000000197e+21,3.501262734584449277e+01,4.886187587363712481e+01,6.000000000000000000e+01,4.500000000000000000e+01,5.028541136697734e+05,8.694327960893504496e+03
56,3.192499999999999869e+21,3.264999999999999738e+21,3.501262725137039666e+01,4.883366003062786831e+01,6.000000000000000000e+01,4.500000000000000000e+01,4.908973551310921e+05,5.953167188236462607e+03
57,3.591250000000000721e+21,2.695000000000000262e+21,3.501262584659775001e+01,4.883413274862022035e+01,6.000000000000000000e+01,4.500000000000000000e+01,4.872861902363348e+05,6.696730357009930231e+03
58,3.510000000000000000e+21,2.203124999999999967e+21,3.501260718900653757e+01,4.807438907049639454e+01,6.000000000000000000e+01,4.500000000000000000e+01,4.833768175765068e+05,6.545220620425994639e+03
59,2.215000000000000262e+21,1.326375000000000164e+21,3.501352092726649090e+01,4.901667308933636491e+01,6.000000000000000000e+01,4.500000000000000000e+01,4.742637261169095e+05,4.130388511180505702e+03
60,1.047562499999999984e+21,6.313750000000000328e+20,3.501777338569696241e+01,5.147307250309282267e+01,6.000000000000000000e+01,4.500000000000000000e+01,4.667770520061116e+05,1.953426688371796445e+03
61,3.029842333333333606e+20,3.005180555555555246e+20,3.502324593973830247e+01,5.323059067934329391e+01,6.000000000000000000e+01,4.500000000000000000e+01,4.628609053886122e+05,5.649853708482319234e+02
